1111111111111111111111111111111111111111111111111
1111111111111111111111111111111111111111111111111
1111111111111111111111111111111111111111111111111
1111111111111111111111111111111111111111111111111
1111111111111111111111111111111111111111111111111
1111111111111111111111111111111111111111111111111
1111111111111111111111111111111111111111111111111
1111111111111111111111111111111111111111111111111
1111111111111111111111111111111111111110011011111
1111111111111111111111111111111111111110010011111
1111111111111111111111111111111111111111100111111
1111111111111111111111111111111111001110000111111
1111111111111111111111111111111111110000000111111
1111111111111111111111111111110011111110000001111
1111111111111110000111111111110100111110000000111
1111111111111100110011111111000000111110011100111
1111111111111001110011111111100000111100111110011
1111111111110011111011111111110000111100111111011
1111111111110011111011111101110000110011111111101
1111111111100011110111111000111001111111111111111
1111111111100111110111111000011111111111111111111
1111111111100111101111111100011111111111111111111
1111111111000111111111111111111111111111111111111
1111111111001111111111111111111111111111111111111
1111111111001111110011110111000111111110001111111
1111111110001110000011100000000011111000000111111
1111111110011000001111100000110011110001100111111
1111111110000000111111000011110001100111100111111
1111111100000001111110000111110011001111000111111
1111111100010011111100001111110011001100001111111
1111110000110011111000011111000111000000111110011
1111100000110011000000011100000000000001111001111
1100001001110000000100010000000000000000000111111
0011111001111100111100111100000111110000011111111
1111110001111111111100111111111111111111111111111
1111110011111111111100111111111111111111111111111
1111110011111111111001111111111111111111111111111
1111100011111111111001111111111111111111111111111
1111100111111111111001111111111111111111111111111
1111100111111111110011111111111111111111111111111
1111100111111111110011111111111111111111111111111
1111001111111111110011111111111111111111111111111
1111001111111111110111111111111111111111111111111
1111111111111111111111111111111111111111111111111
1111111111111111111111111111111111111111111111111
1111111111111111111111111111111111111111111111111
1111111111111111111111111111111111111111111111111
1111111111111111111111111111111111111111111111111
1111111111111111111111111111111111111111111111111
