1111111111111111111111111111111111111111111111111111111111011111
1111111111111111111111111111111111111111111111111111101111011111
1111111111111111111111111111111111111111111111111111000110011111
1111111111111111111111111111111111111111111111111111001100111111
1111111111111111111111111111111111111111111111111111111000111111
1111111111111111111111111111111111111111111111111111110001111111
1111111111111111111111111111111111111111111111100000000001111111
1111111111111111111111111111111111111111111111110000000000111111
1111111111111111111111111111111111111111001111111110000000011111
1111111111111111111100000111111111111111001001111111000000001111
1111111111111111111000000011111111111111110001111111000111000111
1111111111111111110001110011111111111100000001111111000111100011
1111111111111111100011111011111111111100000001111110001111110011
1111111111111111100011111001111111111110000000111110011111111001
1111111111111111000111111011111111111111000001111100111111111100
1111111111111111000111111011111111000111100001110001111111111110
1111111111111110001111110011111110000011100011111111111111111111
1111111111111110001111110011111100000011101111111111111111111111
1111111111111100011111100111111110000001111111111111111111111111
1111111111111100011111101111111111100011111111111111111111111111
1111111111111100011111111111111111101111111111111111111111111111
1111111111111000111111111111111111111111111111111111111111111111
1111111111111000111111111111111111111111111111111111111111111111
1111111111111000111111100001111001110000011111111110000011111111
1111111111110001111100000001111001000000001111111000000001111111
1111111111110001110000000111110000000000000111110000011001111111
1111111111110001000000011111110000001111000111100001111001111111
1111111111100000000000111111110000111111000111000111110001111111
1111111111100000000011111111100001111111000111000111100001111111
1111111111100001100011111111000011111111000110001111000011111111
1111111111000011000111111100000111111110001110001000000111111011
1111111100000111000111111000000111111000001110000000001111100011
1111110000000111000111100000000111100000000000000000111110000111
1111000001000111000000000010001110000000000000000011110000011111
1000001110001111100000001110001110000000000000000000000001111111
0011111110001111111001111110001111000000111111110000001111111111
1111111110001111111111111110011111111111111111111111111111111111
1111111100011111111111111100011111111111111111111111111111111111
1111111100011111111111111100011111111111111111111111111111111111
1111111100011111111111111100011111111111111111111111111111111111
1111111000111111111111111000111111111111111111111111111111111111
1111111000111111111111111000111111111111111111111111111111111111
1111111000111111111111111000111111111111111111111111111111111111
1111110001111111111111110001111111111111111111111111111111111111
1111110001111111111111110001111111111111111111111111111111111111
1111110001111111111111110001111111111111111111111111111111111111
1111100011111111111111100011111111111111111111111111111111111111
1111110011111111111111110011111111111111111111111111111111111111
