111111111111111111111111111111111111111111111111
111111111111111111111111111111111111111111111111
111111111111111111111111111111111111111111111111
111111111111111111111111111111111111111001101111
111111111111111111111111111111111111111001001111
111111111111111111111111111111111111111110011111
111111111111111111111111111111111100111000011111
111111111111111111111111111111111111000000011111
111111111111111111111111111111001111111000000111
111111111111111000011111111111010011111000000011
111111111111110011001111111100000011111001110011
111111111111100111001111111110000011110011111001
111111111111001111101111111111000011110011111101
111111111111001111101111110111000011001111111110
111111111110001111011111100011100111111111111111
111111111110011111011111100001111111111111111111
111111111110011110111111110001111111111111111111
111111111100011111111111111111111111111111111111
111111111100111111111111111111111111111111111111
111111111100111111001111011100011111111000111111
111111111000111000001110000000001111100000011111
111111111001100000111110000011001111000110011111
111111111000000011111100001111000110011110011111
111111110000000111111000011111001100111100011111
111111110001001111110000111111001100110000111111
111111000011001111100001111100011100000011111001
111110000011001100000001110000000000000111100111
110000100111000000010001000000000000000000011111
001111100111110011110011110000011111000001111111
111111000111111111110011111111111111111111111111
111111001111111111110011111111111111111111111111
111111001111111111100111111111111111111111111111
111110001111111111100111111111111111111111111111
111110011111111111100111111111111111111111111111
111110011111111111001111111111111111111111111111
111110011111111111001111111111111111111111111111
111100111111111111001111111111111111111111111111
111100111111111111011111111111111111111111111111
111111111111111111111111111111111111111111111111
111111111111111111111111111111111111111111111111
